N=25556
rh=0.078
alpha=2.6614811498949686
beta=9.0
eta=2.184910130246666
nx=380
ny=380
nz=380
repeat=40
prompt=-1
dt=0.1
Fref=0.078
packrep=50
boxsize=6.283185307179586
Ffac=1.0
Tfac=1.0
checkerror=0
$posfile=./data/init_data/new/pos_data.dat
$forcefile=./data/init_data/new/force_data.dat
$torquefile=./data/init_data/new/torque_data.dat
