N=500000
rh=0.02609300415934458
alpha=0.97
beta=8.9
eta=4.94
nx=270
ny=270
nz=270
repeat=40
prompt=10
dt=0.1
Fref=0.02609300415934458
packrep=50
