N=500000.0
rh=0.02609300415934458
alpha=1.0988593845132348
beta=8.0
eta=6
nx=469
ny=469
nz=469
repeat=10
prompt=10
dt=0.1
Fref=0.02609300415934458
packrep=50
