N=100000.0
rh=0.030936677262801367
alpha=0.9
beta=8.889999999999999
eta=6.0
nx=214
ny=214
nz=214
repeat=40
prompt=-1
dt=0.1
Fref=0.030936677262801367
packrep=50
