N=500000
rh=0.02609300415934458
alpha=0.97
beta=8.9
eta=4.94
nx=128
ny=128
nz=128
repeat=1
prompt=11
dt=0.1
Fref=1.0
packrep=50
boxsize=6.283185307179586
Ffac=1.0
Tfac=1.0
