N=37899
rh=0.025
alpha=1.2122130743448745
beta=9.0
eta=4.733868509097087
nx=540
ny=540
nz=540
repeat=40
prompt=-1
dt=0.1
Fref=0.025
packrep=100
boxsize=6.283185307179586
Ffac=1.0
Tfac=1.0
checkerror=0
$posfile=./data/init_data/new/pos_data.dat
$forcefile=./data/init_data/new/force_data.dat
$torquefile=./data/init_data/new/torque_data.dat
