N=500000.0
rh=0.05218600831868916
alpha=0.9352
beta=9.706
eta=5.573
nx=270
ny=270
nz=270
repeat=1
prompt=5
dt=0.1
Fref=1.0
packrep=50
boxsize=12.566370614359172
Ffac=2.0
Tfac=8.0
