N=300000.0
rh=0.03982537798960675
alpha=0.9600000000000001
beta=9.375
eta=4.7
nx=166
ny=166
nz=166
repeat=50
prompt=-1
dt=0.1
Fref=0.03982537798960675
packrep=50
