N=500000
rh=0.02609300415934458
alpha=1.1246322058984066
beta=12.0
eta=5.15724160270397
nx=320
ny=320
nz=320
repeat=50
prompt=10
dt=0.1
Fref=1.0
packrep=1000
boxsize=6.283185307179586
checkerror=1
$posfile=./test/test_data/pos-N500000-rh02609300-2.dat
$forcefile=./test/test_data/force-N500000-rh02609300.dat
$torquefile=./test/test_data/force-N500000-rh02609300-2.dat
