N=500000
rh=0.02609300415934458
alpha=1.0
beta=9.0
eta=4.8
nx=320
ny=320
nz=320
repeat=50
prompt=10
dt=0.1
Fref=1.0
packrep=100
boxsize=6.283185307179586
Ffac=1.0
Tfac=1.0
checkerror=1
$posfile=./data/init_data/N500000/pos-N500000-rh02609300-2.dat
$forcefile=./data/init_data/N500000/force-N500000-rh02609300.dat
$torquefile=./data/init_data/N500000/force-N500000-rh02609300-2.dat
