N=500000.0
rh=0.02609300415934458
alpha=0.9371935049153388
beta=15
eta=0.2
nx=400
ny=400
nz=400
repeat=1
prompt=10
