N=700000.0
rh=0.030026241827265338
alpha=0.9500000000000001
beta=9.473684210526315
eta=4.8
nx=222
ny=222
nz=222
repeat=50
prompt=-1
dt=0.1
Fref=0.030026241827265338
packrep=50
