N=100000
rh=0.030936677262801367
alpha=0.97
beta=8.3
eta=4.72
nx=320
ny=320
nz=320
repeat=10
prompt=-1
dt=0.1
Fref=0.02609300415934458
packrep=50
