N=1000
rh=0.04176245997623781
alpha=0.7184
beta=9.0
eta=5.0
nx=80
ny=80
nz=80
repeat=40
prompt=-1
dt=0.1
Fref=0.04176245997623781
packrep=50
boxsize=6.283185307179586
Ffac=1.0
Tfac=1.0
checkerror=0
$posfile=./data/init_data/new/pos_data.dat
$forcefile=./data/init_data/new/force_data.dat
$torquefile=./data/init_data/new/torque_data.dat
