N=500000.0
rh=0.02609300415934458
alpha=1.040284790456026
beta=11
eta=0.21
nx=444
ny=444
nz=444
repeat=1
prompt=10
