<<<<<<< HEAD
N=500000
rh=0.02609300415934458
alpha=1.0
beta=9.0
eta=4.8
nx=320
ny=320
nz=320
=======
N=7639
rh=1.0
alpha=1.1
beta=10.0
eta=4.2
nx=60
ny=60
nz=60
>>>>>>> feefc4c03d73affa413df7300b1b929de8722569
repeat=50
prompt=10
dt=0.1
Fref=1.0
packrep=1000
boxsize=6.283185307179586
checkerror=1
$posfile=./test/test_data/pos-N500000-rh02609300-2.dat
$forcefile=./test/test_data/force-N500000-rh02609300.dat
$torquefile=./test/test_data/force-N500000-rh02609300-2.dat
