N=16502
rh=7.241549910681238
alpha=4.494167731182294
beta=12.0
eta=1.2905615337312246
nx=550
ny=550
nz=550
repeat=50
prompt=-1
dt=0.1
Fref=7.241549910681238
packrep=1000
boxsize=500
checkerror=0
$posfile=./data/init_data/new/pos_data.dat
$forcefile=./data/init_data/new/force_data.dat
$torquefile=./data/init_data/new/torque_data.dat
