N=500000.0
rh=0.02609300415934458
alpha=0.9352
beta=9.706
eta=5.573
nx=270
ny=270
nz=270
repeat=50
prompt=5
dt=0.1
Fref=0.02609300415934458
packrep=50
boxsize=6.283185307179586
